   2.1388889e-01
   1.0277778e+00
   1.8416667e+00
   2.6305556e+00
   3.4194444e+00
   4.2083333e+00
   5.0250000e+00
   5.6805556e+00
   6.6750000e+00
   7.5166667e+00
   8.3277778e+00
   9.1194444e+00
   9.8888889e+00
   1.0730556e+01
   1.1586111e+01
   1.2405556e+01
   1.3236111e+01
   1.4058333e+01
   1.4852778e+01
   1.5650000e+01
   1.6438889e+01
   1.7263889e+01
   1.8130556e+01
   1.8955556e+01
   1.9738889e+01
   2.0536111e+01
   2.1305556e+01
   2.2091667e+01
   2.2905556e+01
   2.3719444e+01
   2.4547222e+01
   2.5394444e+01
   2.6200000e+01
   2.6972222e+01
   2.7772222e+01
   2.8563889e+01
   2.9419444e+01
   3.0263889e+01
   3.1086111e+01
   3.1888889e+01
   3.2725000e+01
   3.3516667e+01
   3.4308333e+01
   3.5125000e+01
   3.5972222e+01
   3.6852778e+01
   3.7672222e+01
   3.8450000e+01
   3.9252778e+01
   4.0063889e+01
   4.0863889e+01
   4.1700000e+01
   4.2527778e+01
   4.3352778e+01
   4.4166667e+01
   4.4952778e+01
   4.5736111e+01
   4.6541667e+01
   4.7383333e+01
   4.8219444e+01
   4.9047222e+01
   4.9852778e+01
   5.0630556e+01
   5.1427778e+01
   5.2211111e+01
   5.3002778e+01
   5.3858333e+01
   5.4705556e+01
   5.5525000e+01
   5.6311111e+01
   5.7094444e+01
   5.7883333e+01
   5.8697222e+01
   5.9511111e+01
   6.0358333e+01
   6.1194444e+01
   6.2002778e+01
   6.2786111e+01
   6.3558333e+01
   6.4344444e+01
   6.5150000e+01
   6.5991667e+01
   6.6813889e+01
   6.7627778e+01
   6.8405556e+01
   6.9205556e+01
   6.9994444e+01
   7.0791667e+01
   7.1611111e+01
   7.2469444e+01
   7.3297222e+01
   7.4086111e+01
   7.4866667e+01
   7.5661111e+01
   7.6488889e+01
   7.7313889e+01
   7.8147222e+01
   7.8975000e+01
   7.9797222e+01
   8.0597222e+01
   8.1372222e+01
   8.2169444e+01
   8.2980556e+01
   8.3838889e+01
   8.4686111e+01
   8.5500000e+01
   8.6291667e+01
   8.7080556e+01
   8.7877778e+01
   8.8688889e+01
   8.9513889e+01
   9.0363889e+01
   9.1211111e+01
   9.2019444e+01
   9.2788889e+01
   9.3588889e+01
   9.4391667e+01
   9.5205556e+01
   9.6041667e+01
   9.6861111e+01
   9.7688889e+01
   9.8486111e+01
   9.9266667e+01
   1.0004444e+02
   1.0086111e+02
   1.0168056e+02
   1.0254444e+02
   1.0337500e+02
   1.0416667e+02
   1.0495278e+02
   1.0575278e+02
   1.0654444e+02
   1.0736667e+02
   1.0819444e+02
   1.0903333e+02
   1.0985556e+02
   1.1062778e+02
   1.1137778e+02
   1.1217222e+02
   1.1299444e+02
   1.1380556e+02
   1.1464444e+02
   1.1546389e+02
   1.1625000e+02
   1.1699167e+02
   1.1782222e+02
   1.1860556e+02
   1.1943611e+02
   1.2029722e+02
   1.2112222e+02
   1.2192500e+02
   1.2270000e+02
   1.2348889e+02
   1.2428611e+02
   1.2508333e+02
   1.2589722e+02
   1.2674444e+02
   1.2756944e+02
   1.2834444e+02
   1.2910833e+02
   1.2988889e+02
   1.3065833e+02
   1.3148611e+02
   1.3231389e+02
   1.3311111e+02
   1.3389444e+02
   1.3468333e+02
   1.3546111e+02
   1.3622222e+02
   1.3700833e+02
   1.3782778e+02
   1.3867500e+02
   1.3948333e+02
   1.4025278e+02
   1.4103056e+02
   1.4182222e+02
   1.4261111e+02
   1.4340833e+02
   1.4422500e+02
   1.4504444e+02
   1.4585000e+02
   1.4662222e+02
   1.4739722e+02
   1.4816944e+02
   1.4897778e+02
   1.4978611e+02
   1.5061111e+02
   1.5141111e+02
   1.5217778e+02
   1.5295556e+02
   1.5373333e+02
   1.5451667e+02
   1.5530000e+02
   1.5613333e+02
   1.5695000e+02
   1.5773611e+02
   1.5848611e+02
   1.5925833e+02
   1.6004444e+02
   1.6083611e+02
   1.6164444e+02
   1.6247222e+02
   1.6330000e+02
   1.6410556e+02
   1.6487222e+02
   1.6564444e+02
   1.6644444e+02
   1.6726111e+02
   1.6810000e+02
   1.6893889e+02
   1.6973889e+02
   1.7053056e+02
   1.7133333e+02
   1.7212222e+02
   1.7291111e+02
   1.7374167e+02
   1.7458889e+02
   1.7543056e+02
   1.7621944e+02
   1.7697500e+02
   1.7777500e+02
   1.7857778e+02
   1.7939444e+02
   1.8021111e+02
   1.8103889e+02
   1.8184444e+02
   1.8263889e+02
   1.8341944e+02
   1.8418889e+02
   1.8501111e+02
   1.8553333e+02
   1.8647500e+02
   1.8731944e+02
   1.8813611e+02
   1.8891111e+02
   1.8972778e+02
   1.9054167e+02
   1.9135000e+02
   1.9219722e+02
   1.9306667e+02
   1.9387778e+02
   1.9465000e+02
   1.9543611e+02
   1.9623056e+02
   1.9705833e+02
   1.9788889e+02
   1.9872222e+02
   1.9957222e+02
   2.0038333e+02
   2.0115833e+02
   2.0195278e+02
   2.0277222e+02
   2.0361667e+02
   2.0447778e+02
   2.0531111e+02
   2.0610000e+02
   2.0690000e+02
   2.0768611e+02
   2.0829444e+02
   2.0925556e+02
   2.1008889e+02
   2.1093333e+02
   2.1176111e+02
   2.1254167e+02
   2.1329444e+02
   2.1409444e+02
   2.1490833e+02
   2.1573333e+02
   2.1653889e+02
   2.1736389e+02
   2.1816389e+02
   2.1895833e+02
   2.1972222e+02
   2.2051667e+02
   2.2135833e+02
   2.2220000e+02
   2.2303056e+02
   2.2384167e+02
   2.2463611e+02
   2.2542222e+02
   2.2621944e+02
   2.2703056e+02
   2.2786389e+02
   2.2871111e+02
   2.2954722e+02
   2.3035556e+02
   2.3113611e+02
   2.3192222e+02
   2.3276389e+02
   2.3362222e+02
   2.3446389e+02
   2.3530556e+02
   2.3613889e+02
   2.3695278e+02
   2.3772222e+02
   2.3852778e+02
   2.3936667e+02
   2.4021667e+02
   2.4105556e+02
   2.4188611e+02
   2.4268056e+02
   2.4347778e+02
   2.4428056e+02
   2.4508889e+02
   2.4591944e+02
   2.4676111e+02
   2.4760000e+02
   2.4839167e+02
   2.4917778e+02
   2.4996667e+02
   2.5079444e+02
   2.5163889e+02
   2.5245833e+02
   2.5330556e+02
   2.5411667e+02
   2.5489167e+02
   2.5568611e+02
   2.5649444e+02
   2.5731667e+02
   2.5818056e+02
   2.5901667e+02
   2.5981667e+02
   2.6062222e+02
   2.6139722e+02
   2.6221111e+02
   2.6303611e+02
   2.6387778e+02
   2.6471944e+02
   2.6557500e+02
   2.6636944e+02
   2.6714167e+02
   2.6791944e+02
   2.6874167e+02
   2.6958333e+02
   2.7041111e+02
   2.7123611e+02
   2.7204722e+02
   2.7285556e+02
   2.7363333e+02
   2.7441389e+02
   2.7523333e+02
   2.7606111e+02
   2.7661111e+02
   2.7758333e+02
   2.7838333e+02
   2.7915556e+02
   2.7994722e+02
   2.8075278e+02
   2.8155833e+02
   2.8237222e+02
   2.8317222e+02
   2.8398611e+02
   2.8476944e+02
   2.8553611e+02
   2.8631667e+02
   2.8714167e+02
   2.8796944e+02
   2.8878889e+02
   2.8961667e+02
   2.9040556e+02
   2.9119722e+02
   2.9199444e+02
   2.9279722e+02
   2.9363056e+02
   2.9448889e+02
   2.9531944e+02
   2.9611111e+02
   2.9689444e+02
   2.9766389e+02
   2.9848611e+02
   2.9931111e+02
   3.0012500e+02
   3.0095000e+02
   3.0178889e+02
   3.0257222e+02
   3.0333056e+02
   3.0412778e+02
   3.0492500e+02
   3.0576944e+02
   3.0659722e+02
   3.0742778e+02
   3.0823056e+02
   3.0901111e+02
   3.0978889e+02
   3.1058611e+02
   3.1141111e+02
   3.1223611e+02
   3.1308611e+02
   3.1389167e+02
   3.1466944e+02
   3.1545278e+02
   3.1625000e+02
   3.1706111e+02
   3.1785556e+02
   3.1865556e+02
   3.1944722e+02
   3.2022222e+02
   3.2096389e+02
   3.2170833e+02
   3.2245556e+02
   3.2325000e+02
   3.2403889e+02
   3.2483333e+02
   3.2559444e+02
   3.2637222e+02
   3.2712778e+02
   3.2790000e+02
   3.2867500e+02
   3.2946389e+02
   3.3031111e+02
   3.3115556e+02
   3.3197222e+02
   3.3275556e+02
   3.3354722e+02
   3.3437778e+02
   3.3521111e+02
   3.3608611e+02
   3.3694722e+02
   3.3779167e+02
   3.3858333e+02
   3.3936111e+02
   3.4016944e+02
   3.4097500e+02
   3.4180556e+02
   3.4266667e+02
   3.4351111e+02
   3.4426667e+02
   3.4506111e+02
   3.4585278e+02
   3.4660000e+02
   3.4738889e+02
   3.4820833e+02
   3.4902500e+02
   3.4979444e+02
   3.5056667e+02
   3.5132222e+02
   3.5207500e+02
   3.5284722e+02
   3.5365000e+02
   3.5445556e+02
   3.5526111e+02
   3.5579444e+02
   3.5673056e+02
   3.5749444e+02
   3.5821667e+02
   3.5897500e+02
   3.5977778e+02
   3.6055278e+02
   3.6126944e+02
   3.6199444e+02
   3.6268889e+02
   3.6338611e+02
   3.6409444e+02
   3.6479722e+02
   3.6551389e+02
   3.6625833e+02
   3.6700556e+02
   3.6772500e+02
   3.6841389e+02
   3.6911944e+02
   3.6981111e+02
   3.7052778e+02
   3.7128611e+02
   3.7203611e+02
   3.7276944e+02
   3.7351111e+02
   3.7427222e+02
   3.7497222e+02
   3.7567500e+02
   3.7640278e+02
   3.7716944e+02
   3.7794722e+02
   3.7875278e+02
   3.7952778e+02
   3.8027500e+02
   3.8103056e+02
   3.8180278e+02
   3.8258056e+02
   3.8335556e+02
   3.8417778e+02
   3.8499722e+02
   3.8580278e+02
   3.8656667e+02
   3.8733333e+02
   3.8811111e+02
   3.8891667e+02
   3.8972778e+02
   3.9055278e+02
   3.9133889e+02
   3.9208889e+02
   3.9284167e+02
   3.9356667e+02
   3.9428611e+02
   3.9501944e+02
   3.9577778e+02
   3.9651944e+02
   3.9725278e+02
   3.9795833e+02
   3.9865278e+02
   3.9935000e+02
   4.0006944e+02
   4.0079444e+02
   4.0155000e+02
   4.0231111e+02
   4.0308889e+02
   4.0383889e+02
   4.0457500e+02
   4.0528611e+02
   4.0602778e+02
   4.0679444e+02
   4.0760278e+02
   4.0836944e+02
   4.0913889e+02
   4.0990278e+02
   4.1064722e+02
   4.1138611e+02
   4.1212500e+02
   4.1288333e+02
   4.1365556e+02
   4.1445833e+02
   4.1524444e+02
   4.1602500e+02
   4.1675000e+02
   4.1751111e+02
   4.1826667e+02
   4.1902500e+02
   4.1978611e+02
   4.2057500e+02
   4.2138889e+02
   4.2215000e+02
   4.2288056e+02
   4.2364167e+02
   4.2439444e+02
   4.2518611e+02
   4.2600556e+02
   4.2678889e+02
   4.2756389e+02
   4.2831389e+02
   4.2908611e+02
   4.2983889e+02
   4.3058056e+02
   4.3136667e+02
   4.3219167e+02
   4.3295833e+02
   4.3370278e+02
   4.3443056e+02
   4.3513333e+02
   4.3585000e+02
   4.3658056e+02
   4.3730833e+02
   4.3804444e+02
   4.3877778e+02
   4.3953889e+02
   4.4025000e+02
   4.4091667e+02
   4.4159444e+02
   4.4229444e+02
   4.4300000e+02
   4.4371667e+02
   4.4445000e+02
   4.4516667e+02
   4.4585278e+02
   4.4654167e+02
   4.4723611e+02
   4.4793056e+02
   4.4861389e+02
   4.4934722e+02
   4.5010000e+02
   4.5085833e+02
   4.5159444e+02
   4.5232222e+02
   4.5303611e+02
   4.5378611e+02
   4.5452778e+02
   4.5527500e+02
   4.5606111e+02
   4.5683611e+02
   4.5758611e+02
   4.5831111e+02
   4.5901667e+02
   4.5971944e+02
   4.6043333e+02
   4.6120278e+02
   4.6194722e+02
   4.6269444e+02
   4.6345000e+02
   4.6420000e+02
   4.6491944e+02
   4.6566944e+02
   4.6642222e+02
   4.6719722e+02
   4.6801389e+02
   4.6884722e+02
   4.6965000e+02
   4.7041389e+02
   4.7119444e+02
   4.7196389e+02
   4.7278333e+02
   4.7360000e+02
   4.7421944e+02
   4.7520556e+02
   4.7603611e+02
   4.7681389e+02
   4.7755833e+02
   4.7833333e+02
   4.7911667e+02
   4.7993333e+02
   4.8074167e+02
   4.8153333e+02
   4.8230278e+02
   4.8307500e+02
   4.8382222e+02
   4.8458889e+02
   4.8538056e+02
   4.8617778e+02
   4.8700833e+02
   4.8780278e+02
   4.8854722e+02
   4.8929167e+02
   4.9007778e+02
   4.9083056e+02
   4.9160000e+02
   4.9235833e+02
   4.9311944e+02
   4.9388333e+02
   4.9460833e+02
   4.9532500e+02
   4.9605000e+02
   4.9678333e+02
   4.9755000e+02
   4.9830000e+02
   4.9906111e+02
   4.9979722e+02
   5.0050833e+02
   5.0123333e+02
   5.0195833e+02
   5.0267778e+02
   5.0343611e+02
   5.0423333e+02
   5.0503056e+02
   5.0579167e+02
   5.0653889e+02
   5.0728889e+02
   5.0804722e+02
   5.0883611e+02
   5.0965278e+02
   5.1049722e+02
   5.1131111e+02
   5.1211389e+02
   5.1291667e+02
   5.1370556e+02
   5.1448056e+02
   5.1530556e+02
   5.1619167e+02
   5.1705000e+02
   5.1785556e+02
   5.1865833e+02
   5.1946111e+02
   5.2025278e+02
   5.2105000e+02
   5.2186667e+02
   5.2271944e+02
   5.2355833e+02
   5.2434444e+02
   5.2511944e+02
   5.2591667e+02
   5.2673611e+02
   5.2758333e+02
   5.2841389e+02
   5.2924722e+02
   5.3005833e+02
   5.3086667e+02
   5.3165556e+02
   5.3242778e+02
   5.3326944e+02
   5.3411667e+02
   5.3493056e+02
   5.3572778e+02
   5.3651667e+02
   5.3728611e+02
   5.3806389e+02
   5.3887222e+02
   5.3966944e+02
   5.4048611e+02
   5.4130000e+02
   5.4210000e+02
   5.4285278e+02
   5.4361389e+02
   5.4438611e+02
   5.4519167e+02
   5.4600000e+02
   5.4680000e+02
   5.4759167e+02
   5.4837500e+02
   5.4912500e+02
   5.4986111e+02
   5.5062500e+02
   5.5140278e+02
   5.5220000e+02
   5.5298889e+02
   5.5375833e+02
   5.5449722e+02
   5.5526389e+02
   5.5600833e+02
   5.5676667e+02
   5.5754167e+02
   5.5831389e+02
   5.5908889e+02
   5.5984722e+02
   5.6057500e+02
   5.6129722e+02
   5.6205278e+02
   5.6281944e+02
   5.6360278e+02
   5.6439722e+02
   5.6519167e+02
   5.6594722e+02
   5.6672778e+02
   5.6750000e+02
   5.6826389e+02
   5.6904167e+02
   5.6988611e+02
   5.7071944e+02
   5.7149167e+02
   5.7226667e+02
   5.7302500e+02
   5.7379722e+02
   5.7456944e+02
   5.7536111e+02
   5.7616944e+02
   5.7701389e+02
   5.7779167e+02
   5.7855000e+02
   5.7930000e+02
   5.8006111e+02
   5.8083611e+02
   5.8164722e+02
   5.8245556e+02
   5.8325833e+02
   5.8404444e+02
   5.8481667e+02
   5.8558056e+02
   5.8635000e+02
   5.8712500e+02
   5.8792778e+02
   5.8875278e+02
   5.8952222e+02
   5.9028333e+02
   5.9105000e+02
   5.9182778e+02
   5.9257500e+02
   5.9335278e+02
   5.9415278e+02
   5.9494722e+02
   5.9573611e+02
   5.9649444e+02
   5.9723611e+02
   5.9800278e+02
   5.9878611e+02
   5.9958611e+02
   6.0039167e+02
   6.0119722e+02
   6.0197222e+02
   6.0275000e+02
   6.0352500e+02
   6.0429722e+02
   6.0506944e+02
   6.0589444e+02
   6.0671667e+02
   6.0751389e+02
   6.0825833e+02
   6.0901944e+02
   6.0980556e+02
   6.1059167e+02
   6.1138611e+02
   6.1220000e+02
   6.1303056e+02
   6.1382500e+02
   6.1459167e+02
   6.1535278e+02
   6.1612222e+02
   6.1689444e+02
   6.1770833e+02
   6.1851667e+02
   6.1931111e+02
   6.2007778e+02
   6.2085278e+02
   6.2162222e+02
   6.2235278e+02
   6.2313889e+02
   6.2395000e+02
   6.2476667e+02
   6.2554167e+02
   6.2631389e+02
   6.2706389e+02
   6.2784444e+02
   6.2860000e+02
   6.2937222e+02
   6.3017500e+02
   6.3095833e+02
   6.3174444e+02
   6.3250556e+02
   6.3326667e+02
   6.3399722e+02
   6.3476944e+02
   6.3557778e+02
   6.3637500e+02
   6.3715833e+02
   6.3794444e+02
   6.3871111e+02
   6.3948333e+02
   6.4023611e+02
   6.4100278e+02
   6.4182778e+02
   6.4266111e+02
   6.4344167e+02
   6.4420556e+02
   6.4497222e+02
   6.4572222e+02
   6.4647778e+02
   6.4726667e+02
   6.4806111e+02
   6.4885833e+02
   6.4965278e+02
   6.5041944e+02
   6.5115278e+02
   6.5190278e+02
   6.5266389e+02
   6.5347222e+02
   6.5429722e+02
   6.5507778e+02
   6.5585833e+02
   6.5663889e+02
   6.5740278e+02
   6.5813333e+02
   6.5890556e+02
   6.5971111e+02
   6.6051111e+02
   6.6130833e+02
   6.6206667e+02
   6.6280556e+02
   6.6356667e+02
   6.6432778e+02
   6.6509444e+02
   6.6588333e+02
   6.6665833e+02
   6.6741111e+02
   6.6816944e+02
   6.6891667e+02
   6.6962778e+02
   6.7033056e+02
   6.7108056e+02
   6.7182222e+02
   6.7254167e+02
   6.7326111e+02
   6.7397778e+02
   6.7466667e+02
   6.7536667e+02
   6.7608056e+02
   6.7678611e+02
   6.7752500e+02
   6.7831111e+02
   6.7906111e+02
   6.7980278e+02
   6.8051389e+02
   6.8124167e+02
   6.8198889e+02
   6.8275556e+02
   6.8351667e+02
   6.8431111e+02
   6.8513333e+02
   6.8593056e+02
   6.8667222e+02
   6.8741389e+02
   6.8817222e+02
   6.8893889e+02
   6.8972222e+02
   6.9051944e+02
   6.9132778e+02
   6.9210556e+02
   6.9287222e+02
   6.9362778e+02
   6.9441389e+02
   6.9520278e+02
   6.9599444e+02
   6.9683056e+02
   6.9766667e+02
   6.9845000e+02
   6.9920000e+02
   6.9998333e+02
   7.0079444e+02
   7.0162500e+02
   7.0241111e+02
   7.0322222e+02
   7.0404444e+02
   7.0483889e+02
   7.0558333e+02
   7.0634167e+02
   7.0718056e+02
   7.0803333e+02
   7.0880833e+02
   7.0959167e+02
   7.1038611e+02
   7.1118611e+02
   7.1193333e+02
   7.1270278e+02
   7.1350278e+02
   7.1432778e+02
   7.1511111e+02
   7.1586111e+02
   7.1657222e+02
   7.1729444e+02
   7.1799722e+02
   7.1871667e+02
   7.1945833e+02
   7.2022222e+02
   7.2094722e+02
   7.2170000e+02
   7.2243611e+02
   7.2315000e+02
   7.2385000e+02
   7.2459167e+02
   7.2536944e+02
   7.2616111e+02
   7.2691944e+02
   7.2768889e+02
   7.2844722e+02
   7.2921111e+02
   7.2996944e+02
   7.3073056e+02
   7.3152778e+02
   7.3233611e+02
   7.3314167e+02
   7.3393889e+02
   7.3471944e+02
   7.3548056e+02
   7.3628333e+02
   7.3709444e+02
   7.3792222e+02
   7.3874167e+02
   7.3955278e+02
   7.4035833e+02
   7.4115278e+02
   7.4194167e+02
   7.4271111e+02
   7.4355278e+02
   7.4438611e+02
   7.4516667e+02
   7.4595833e+02
   7.4673056e+02
   7.4750556e+02
   7.4828889e+02
   7.4908333e+02
   7.4989167e+02
   7.5071389e+02
   7.5153056e+02
   7.5228333e+02
   7.5304167e+02
   7.5380556e+02
   7.5460000e+02
   7.5542778e+02
   7.5623611e+02
   7.5703611e+02
   7.5788611e+02
   7.5867500e+02
   7.5942778e+02
   7.6020833e+02
   7.6101944e+02
   7.6184444e+02
   7.6266944e+02
   7.6348056e+02
   7.6425556e+02
   7.6500833e+02
   7.6575556e+02
   7.6652500e+02
   7.6732222e+02
   7.6810000e+02
   7.6890278e+02
   7.6973056e+02
   7.7052500e+02
   7.7124722e+02
   7.7200833e+02
   7.7281111e+02
   7.7366111e+02
   7.7448333e+02
   7.7527500e+02
   7.7606111e+02
   7.7660000e+02
   7.7755000e+02
   7.7835833e+02
   7.7919722e+02
   7.8004167e+02
   7.8086111e+02
   7.8167222e+02
   7.8245000e+02
   7.8320833e+02
   7.8398333e+02
   7.8476111e+02
   7.8556111e+02
   7.8638056e+02
   7.8719167e+02
   7.8797778e+02
   7.8873333e+02
   7.8949167e+02
   7.9025556e+02
   7.9105000e+02
   7.9186944e+02
   7.9267500e+02
   7.9348056e+02
   7.9426667e+02
   7.9503056e+02
   7.9579444e+02
   7.9656389e+02
   7.9736667e+02
   7.9820556e+02
   7.9904722e+02
   7.9984722e+02
   8.0062778e+02
   8.0140833e+02
   8.0220556e+02
   8.0299167e+02
   8.0381389e+02
   8.0463056e+02
   8.0547500e+02
   8.0627222e+02
   8.0705000e+02
   8.0781667e+02
   8.0864167e+02
   8.0946667e+02
   8.1026667e+02
   8.1108333e+02
   8.1189167e+02
   8.1268611e+02
   8.1345833e+02
   8.1423056e+02
   8.1503333e+02
   8.1586944e+02
   8.1669722e+02
   8.1748889e+02
   8.1828333e+02
   8.1904722e+02
   8.1984167e+02
   8.2061389e+02
   8.2143889e+02
   8.2226111e+02
   8.2311111e+02
   8.2392222e+02
   8.2469167e+02
   8.2547222e+02
   8.2625278e+02
   8.2705278e+02
   8.2786944e+02
   8.2870833e+02
   8.2952222e+02
   8.3033333e+02
   8.3112778e+02
   8.3190000e+02
   8.3265556e+02
   8.3347778e+02
   8.3433333e+02
   8.3517500e+02
   8.3594444e+02
   8.3669722e+02
   8.3748611e+02
   8.3828333e+02
   8.3906667e+02
   8.3985556e+02
   8.4068056e+02
   8.4152222e+02
   8.4233611e+02
   8.4306389e+02
   8.4381389e+02
   8.4462778e+02
   8.4545000e+02
   8.4621944e+02
   8.4701111e+02
   8.4780833e+02
   8.4860556e+02
   8.4919167e+02
   8.5010000e+02
   8.5093611e+02
   8.5178056e+02
   8.5262222e+02
   8.5342778e+02
   8.5420556e+02
   8.5484722e+02
   8.5573056e+02
   8.5652778e+02
   8.5729167e+02
   8.5808889e+02
   8.5893611e+02
   8.5976667e+02
   8.6050000e+02
   8.6125833e+02
   8.6203611e+02
   8.6285556e+02
   8.6365278e+02
   8.6444167e+02
   8.6524722e+02
   8.6606389e+02
   8.6683889e+02
   8.6757778e+02
   8.6834722e+02
   8.6896389e+02
   8.6998611e+02
   8.7085833e+02
   8.7168889e+02
   8.7247500e+02
   8.7325833e+02
   8.7406944e+02
   8.7486667e+02
   8.7568056e+02
   8.7650556e+02
   8.7734444e+02
   8.7815556e+02
   8.7893056e+02
   8.7970278e+02
   8.8050556e+02
   8.8129444e+02
   8.8211389e+02
   8.8273611e+02
   8.8373611e+02
   8.8455000e+02
   8.8535833e+02
   8.8614167e+02
   8.8673056e+02
   8.8774167e+02
   8.8862500e+02
   8.8945833e+02
   8.9026111e+02
   8.9107222e+02
   8.9186667e+02
   8.9270000e+02
   8.9351111e+02
   8.9435556e+02
   8.9520833e+02
   8.9603611e+02
   8.9682500e+02
   8.9760833e+02
   8.9840556e+02
   8.9925278e+02
   9.0012500e+02
   9.0094722e+02
   9.0178056e+02
   9.0258333e+02
   9.0337778e+02
   9.0415278e+02
   9.0495278e+02
   9.0580278e+02
   9.0665833e+02
   9.0749444e+02
   9.0829722e+02
   9.0910278e+02
   9.0990556e+02
   9.1072222e+02
   9.1152778e+02
   9.1236667e+02
   9.1320556e+02
   9.1404722e+02
   9.1483056e+02
   9.1561111e+02
   9.1642500e+02
   9.1726944e+02
   9.1812222e+02
   9.1894444e+02
   9.1978889e+02
   9.2058889e+02
   9.2140278e+02
   9.2219167e+02
   9.2300000e+02
   9.2385833e+02
   9.2471667e+02
   9.2555556e+02
   9.2633056e+02
   9.2713333e+02
   9.2793333e+02
   9.2874444e+02
   9.2956667e+02
   9.3040000e+02
   9.3124722e+02
   9.3206389e+02
   9.3284167e+02
   9.3361111e+02
   9.3440556e+02
   9.3522222e+02
   9.3605556e+02
   9.3689444e+02
   9.3770000e+02
   9.3851111e+02
   9.3929444e+02
   9.4008889e+02
   9.4089444e+02
   9.4173611e+02
   9.4257500e+02
   9.4343333e+02
   9.4423889e+02
   9.4501389e+02
   9.4581389e+02
   9.4661111e+02
   9.4743056e+02
   9.4827500e+02
   9.4912500e+02
   9.4992778e+02
   9.5073889e+02
   9.5152222e+02
   9.5228333e+02
   9.5310278e+02
   9.5391667e+02
   9.5473889e+02
   9.5554167e+02
   9.5633333e+02
   9.5710278e+02
   9.5790000e+02
   9.5869167e+02
   9.5948889e+02
   9.6034167e+02
   9.6116111e+02
   9.6196944e+02
   9.6276944e+02
   9.6334444e+02
   9.6430000e+02
   9.6515278e+02
   9.6600000e+02
   9.6684167e+02
   9.6768889e+02
   9.6849722e+02
   9.6926389e+02
   9.7006111e+02
   9.7084167e+02
   9.7168056e+02
   9.7253333e+02
   9.7336111e+02
   9.7414722e+02
   9.7494444e+02
   9.7573611e+02
   9.7633611e+02
   9.7728056e+02
   9.7809722e+02
   9.7893333e+02
   9.7975278e+02
   9.8051944e+02
   9.8126944e+02
   9.8208056e+02
   9.8286944e+02
   9.8369167e+02
   9.8451667e+02
   9.8532778e+02
   9.8615556e+02
   9.8695278e+02
   9.8772222e+02
   9.8849444e+02
   9.8934722e+02
   9.9017778e+02
   9.9099444e+02
   9.9179444e+02
   9.9257778e+02
   9.9336389e+02
   9.9416944e+02
   9.9496111e+02
   9.9578889e+02
   9.9663889e+02
   9.9746389e+02
   9.9823611e+02
   9.9898333e+02
   9.9973056e+02
   1.0005056e+03
   1.0013083e+03
   1.0021222e+03
   1.0029222e+03
   1.0037361e+03
   1.0045167e+03
   1.0052639e+03
   1.0060083e+03
   1.0068083e+03
   1.0075917e+03
   1.0084083e+03
   1.0092194e+03
   1.0100167e+03
   1.0107722e+03
   1.0115500e+03
   1.0123528e+03
   1.0131417e+03
   1.0139500e+03
   1.0148056e+03
   1.0156667e+03
   1.0164306e+03
   1.0172000e+03
   1.0180083e+03
   1.0188278e+03
   1.0196222e+03
   1.0204556e+03
   1.0213194e+03
   1.0221111e+03
   1.0229111e+03
   1.0236972e+03
   1.0245111e+03
   1.0253056e+03
   1.0261389e+03
   1.0269861e+03
   1.0278083e+03
   1.0285528e+03
   1.0293250e+03
   1.0301167e+03
   1.0309222e+03
   1.0316861e+03
   1.0325111e+03
   1.0333528e+03
   1.0341667e+03
   1.0348833e+03
   1.0356528e+03
   1.0364556e+03
   1.0373000e+03
   1.0380917e+03
   1.0388889e+03
   1.0397333e+03
   1.0405417e+03
   1.0412639e+03
   1.0420139e+03
   1.0428111e+03
   1.0436556e+03
   1.0444417e+03
   1.0452444e+03
   1.0460444e+03
   1.0468361e+03
   1.0474500e+03
   1.0483472e+03
   1.0491667e+03
   1.0500167e+03
   1.0508583e+03
   1.0516889e+03
   1.0524611e+03
   1.0532194e+03
   1.0540000e+03
   1.0548111e+03
   1.0556222e+03
   1.0564222e+03
   1.0572528e+03
   1.0580528e+03
   1.0588139e+03
   1.0595917e+03
   1.0603500e+03
   1.0611556e+03
   1.0619694e+03
   1.0628028e+03
   1.0635972e+03
   1.0643972e+03
   1.0651611e+03
   1.0659556e+03
   1.0667444e+03
   1.0675500e+03
   1.0683750e+03
   1.0692111e+03
   1.0700167e+03
   1.0708000e+03
   1.0715806e+03
   1.0723639e+03
   1.0731917e+03
   1.0740278e+03
   1.0748361e+03
   1.0756722e+03
   1.0764806e+03
   1.0772556e+03
   1.0780139e+03
   1.0788139e+03
   1.0796444e+03
   1.0805000e+03
   1.0813278e+03
   1.0821222e+03
   1.0829444e+03
   1.0837500e+03
   1.0845389e+03
   1.0853639e+03
   1.0862222e+03
   1.0870694e+03
   1.0878917e+03
   1.0886778e+03
   1.0894556e+03
   1.0902611e+03
   1.0910583e+03
   1.0918806e+03
   1.0927167e+03
   1.0935417e+03
   1.0943250e+03
   1.0951222e+03
   1.0958889e+03
   1.0966694e+03
   1.0974889e+03
   1.0983389e+03
   1.0991583e+03
   1.0999694e+03
   1.1007444e+03
   1.1015361e+03
   1.1023500e+03
   1.1031500e+03
   1.1037111e+03
   1.1047361e+03
   1.1055778e+03
   1.1063722e+03
   1.1071361e+03
   1.1079278e+03
   1.1087194e+03
   1.1095444e+03
   1.1103639e+03
   1.1111778e+03
   1.1120083e+03
   1.1127750e+03
   1.1135500e+03
   1.1143444e+03
   1.1151472e+03
   1.1159972e+03
   1.1168361e+03
   1.1176694e+03
   1.1184611e+03
   1.1192583e+03
   1.1200444e+03
   1.1208583e+03
   1.1216806e+03
   1.1225028e+03
   1.1233444e+03
   1.1241583e+03
   1.1249444e+03
   1.1257083e+03
   1.1265111e+03
   1.1273222e+03
   1.1281417e+03
   1.1289583e+03
   1.1297667e+03
   1.1305722e+03
   1.1313583e+03
   1.1321111e+03
   1.1329139e+03
   1.1337528e+03
   1.1345889e+03
   1.1354056e+03
   1.1361944e+03
   1.1369833e+03
   1.1377694e+03
   1.1385583e+03
   1.1393806e+03
   1.1402139e+03
   1.1410611e+03
   1.1418667e+03
   1.1426472e+03
   1.1434222e+03
   1.1442111e+03
   1.1450167e+03
   1.1458694e+03
   1.1467139e+03
   1.1475250e+03
   1.1483389e+03
   1.1491444e+03
   1.1499139e+03
   1.1506917e+03
   1.1515056e+03
   1.1523556e+03
   1.1531778e+03
   1.1539750e+03
   1.1547306e+03
   1.1555417e+03
   1.1563222e+03
   1.1571000e+03
   1.1579167e+03
   1.1587583e+03
   1.1595722e+03
   1.1603583e+03
   1.1611306e+03
   1.1619000e+03
   1.1627139e+03
   1.1635167e+03
   1.1643222e+03
   1.1651500e+03
   1.1659583e+03
   1.1667278e+03
   1.1675056e+03
   1.1682889e+03
   1.1690944e+03
   1.1699250e+03
   1.1707611e+03
   1.1715750e+03
   1.1722083e+03
   1.1731139e+03
   1.1739000e+03
   1.1744972e+03
   1.1754556e+03
   1.1762833e+03
   1.1771333e+03
   1.1779556e+03
   1.1787222e+03
   1.1794889e+03
   1.1802611e+03
   1.1810778e+03
   1.1819250e+03
   1.1827472e+03
   1.1835500e+03
   1.1843917e+03
   1.1851722e+03
   1.1859417e+03
   1.1867361e+03
   1.1875667e+03
   1.1884111e+03
   1.1892472e+03
   1.1900361e+03
   1.1908306e+03
   1.1916444e+03
   1.1924361e+03
   1.1932194e+03
   1.1940750e+03
   1.1949056e+03
   1.1957500e+03
   1.1965417e+03
   1.1973194e+03
   1.1981000e+03
   1.1989306e+03
   1.1997528e+03
   1.2005806e+03
   1.2014139e+03
   1.2022194e+03
   1.2030083e+03
   1.2037917e+03
   1.2045806e+03
   1.2051167e+03
   1.2061444e+03
   1.2069806e+03
   1.2078083e+03
   1.2086000e+03
   1.2093639e+03
   1.2101639e+03
   1.2109778e+03
   1.2115278e+03
   1.2125361e+03
   1.2133889e+03
   1.2142167e+03
   1.2150028e+03
   1.2157833e+03
   1.2165694e+03
   1.2174139e+03
   1.2182528e+03
   1.2190694e+03
   1.2198833e+03
   1.2207056e+03
   1.2215000e+03
   1.2222861e+03
   1.2230944e+03
   1.2239528e+03
   1.2248167e+03
   1.2256417e+03
   1.2264417e+03
   1.2272639e+03
   1.2280806e+03
   1.2289056e+03
   1.2295083e+03
   1.2305361e+03
   1.2314028e+03
   1.2322417e+03
   1.2330222e+03
   1.2338222e+03
   1.2346500e+03
   1.2352917e+03
   1.2362806e+03
   1.2371194e+03
   1.2379417e+03
   1.2387444e+03
   1.2395194e+03
   1.2402972e+03
   1.2411111e+03
   1.2419583e+03
   1.2427833e+03
   1.2436000e+03
   1.2443889e+03
   1.2451778e+03
   1.2459667e+03
   1.2467667e+03
   1.2476056e+03
   1.2484500e+03
   1.2493000e+03
   1.2501056e+03
   1.2509056e+03
   1.2516861e+03
   1.2524861e+03
   1.2533139e+03
   1.2541694e+03
   1.2550167e+03
   1.2558361e+03
   1.2566389e+03
   1.2574389e+03
   1.2582194e+03
   1.2590306e+03
   1.2598472e+03
   1.2607000e+03
   1.2615389e+03
   1.2623444e+03
   1.2629194e+03
   1.2638806e+03
   1.2647056e+03
   1.2655222e+03
   1.2663556e+03
   1.2671944e+03
   1.2680222e+03
   1.2688111e+03
   1.2695722e+03
   1.2703694e+03
   1.2712111e+03
   1.2720472e+03
   1.2726917e+03
   1.2736778e+03
   1.2744889e+03
   1.2752889e+03
   1.2760583e+03
   1.2768444e+03
   1.2776861e+03
   1.2785417e+03
   1.2793667e+03
   1.2801639e+03
   1.2809694e+03
   1.2817611e+03
   1.2825583e+03
   1.2833722e+03
   1.2842111e+03
   1.2850611e+03
   1.2858861e+03
   1.2866611e+03
   1.2874500e+03
   1.2882361e+03
   1.2890250e+03
   1.2898917e+03
   1.2907333e+03
   1.2915556e+03
   1.2923806e+03
   1.2931639e+03
   1.2939444e+03
   1.2947361e+03
   1.2955694e+03
   1.2964111e+03
   1.2972528e+03
   1.2980778e+03
   1.2988583e+03
   1.2996611e+03
   1.3004583e+03
   1.3012750e+03
   1.3021167e+03
   1.3029611e+03
   1.3037861e+03
   1.3046139e+03
   1.3053944e+03
   1.3061972e+03
   1.3070306e+03
   1.3078833e+03
   1.3087194e+03
   1.3095667e+03
   1.3103528e+03
   1.3111639e+03
   1.3119556e+03
   1.3127472e+03
   1.3135778e+03
   1.3144500e+03
   1.3152750e+03
   1.3160889e+03
   1.3168722e+03
   1.3176750e+03
   1.3184806e+03
   1.3192889e+03
   1.3201056e+03
   1.3209667e+03
   1.3218083e+03
   1.3226028e+03
   1.3233806e+03
   1.3241833e+03
   1.3250000e+03
   1.3258556e+03
   1.3266806e+03
   1.3274972e+03
   1.3283222e+03
   1.3291139e+03
   1.3298806e+03
   1.3306667e+03
   1.3314778e+03
   1.3323139e+03
   1.3331417e+03
   1.3339389e+03
   1.3347056e+03
   1.3355000e+03
   1.3362694e+03
   1.3370583e+03
   1.3378944e+03
   1.3387250e+03
   1.3395556e+03
   1.3403472e+03
   1.3411139e+03
   1.3418639e+03
   1.3426417e+03
   1.3434306e+03
   1.3442528e+03
   1.3450583e+03
   1.3458528e+03
   1.3466278e+03
   1.3474250e+03
   1.3482000e+03
   1.3490028e+03
   1.3498306e+03
   1.3507028e+03
   1.3515472e+03
   1.3523444e+03
   1.3531361e+03
   1.3539556e+03
   1.3547750e+03
   1.3556111e+03
   1.3564444e+03
   1.3573222e+03
   1.3581444e+03
   1.3589278e+03
   1.3597139e+03
   1.3605250e+03
   1.3613639e+03
   1.3622056e+03
   1.3630417e+03
   1.3638750e+03
   1.3646861e+03
   1.3654722e+03
   1.3662500e+03
   1.3670722e+03
   1.3679028e+03
   1.3687500e+03
   1.3695722e+03
   1.3703889e+03
   1.3711778e+03
   1.3719833e+03
   1.3727778e+03
   1.3735889e+03
   1.3744194e+03
   1.3752389e+03
   1.3760306e+03
   1.3768028e+03
   1.3775694e+03
   1.3783389e+03
   1.3791667e+03
   1.3797583e+03
   1.3807639e+03
   1.3816028e+03
   1.3824028e+03
   1.3831806e+03
   1.3839722e+03
   1.3847722e+03
   1.3855889e+03
   1.3864306e+03
   1.3872722e+03
   1.3880611e+03
   1.3888556e+03
   1.3896361e+03
   1.3904139e+03
   1.3912472e+03
   1.3920722e+03
   1.3929111e+03
   1.3937389e+03
   1.3945556e+03
   1.3953250e+03
   1.3961139e+03
   1.3969111e+03
   1.3977528e+03
   1.3986028e+03
   1.3994278e+03
   1.4002250e+03
   1.4010417e+03
   1.4018194e+03
   1.4026000e+03
   1.4034111e+03
   1.4042472e+03
   1.4050833e+03
   1.4059028e+03
   1.4066611e+03
   1.4074417e+03
   1.4082500e+03
   1.4090444e+03
   1.4098694e+03
   1.4107083e+03
   1.4115583e+03
   1.4123778e+03
   1.4131778e+03
   1.4139444e+03
   1.4147778e+03
   1.4156222e+03
   1.4164556e+03
   1.4172806e+03
   1.4181139e+03
   1.4189028e+03
   1.4197028e+03
   1.4204778e+03
   1.4212778e+03
   1.4221417e+03
   1.4229944e+03
   1.4238000e+03
   1.4245861e+03
   1.4253778e+03
   1.4261778e+03
   1.4270028e+03
   1.4278167e+03
   1.4286639e+03
   1.4295222e+03
   1.4303306e+03
   1.4310972e+03
   1.4318778e+03
   1.4326750e+03
   1.4335139e+03
   1.4343667e+03
   1.4351861e+03
   1.4360306e+03
   1.4368500e+03
   1.4376500e+03
   1.4384222e+03
   1.4392472e+03
   1.4400750e+03
   1.4409278e+03
   1.4417472e+03
   1.4425222e+03
   1.4433167e+03
   1.4441167e+03
   1.4448611e+03
   1.4457306e+03
   1.4465806e+03
   1.4471722e+03
   1.4481722e+03
   1.4489667e+03
   1.4497583e+03
   1.4505806e+03
   1.4514222e+03
   1.4522639e+03
   1.4531028e+03
   1.4539361e+03
   1.4547472e+03
   1.4555528e+03
   1.4563333e+03
   1.4571611e+03
   1.4580306e+03
   1.4588861e+03
   1.4597000e+03
   1.4605028e+03
   1.4612917e+03
   1.4621000e+03
   1.4629083e+03
   1.4637250e+03
   1.4645667e+03
   1.4654139e+03
   1.4662167e+03
   1.4669972e+03
   1.4677861e+03
   1.4685833e+03
   1.4694222e+03
   1.4702583e+03
   1.4711111e+03
   1.4719361e+03
   1.4727528e+03
   1.4735333e+03
   1.4743444e+03
   1.4751611e+03
   1.4759944e+03
   1.4768556e+03
   1.4776889e+03
   1.4784917e+03
   1.4792889e+03
   1.4800778e+03
   1.4808944e+03
   1.4817111e+03
   1.4825556e+03
   1.4833694e+03
   1.4841889e+03
   1.4849806e+03
   1.4857583e+03
   1.4865583e+03
   1.4873861e+03
   1.4882444e+03
   1.4890778e+03
   1.4899028e+03
   1.4906806e+03
   1.4914750e+03
   1.4922556e+03
   1.4930722e+03
   1.4939194e+03
   1.4947667e+03
   1.4956167e+03
   1.4964111e+03
   1.4972028e+03
   1.4979944e+03
   1.4988222e+03
   1.4996528e+03
   1.5004778e+03
   1.5013111e+03
   1.5021361e+03
   1.5029222e+03
   1.5037056e+03
   1.5044889e+03
   1.5053250e+03
   1.5061861e+03
   1.5070278e+03
   1.5078500e+03
   1.5086556e+03
   1.5094667e+03
   1.5102472e+03
   1.5110639e+03
   1.5119056e+03
   1.5127500e+03
   1.5135972e+03
   1.5143944e+03
   1.5151556e+03
   1.5159500e+03
   1.5167306e+03
   1.5175194e+03
   1.5183333e+03
   1.5188667e+03
   1.5200000e+03
   1.5207861e+03
   1.5215500e+03
   1.5223111e+03
   1.5231528e+03
   1.5239806e+03
   1.5247944e+03
   1.5256056e+03
   1.5263944e+03
   1.5271806e+03
   1.5279722e+03
   1.5287472e+03
   1.5295583e+03
   1.5304250e+03
   1.5312611e+03
   1.5320333e+03
   1.5328222e+03
   1.5336028e+03
   1.5344056e+03
   1.5352250e+03
   1.5360417e+03
   1.5368972e+03
   1.5377472e+03
   1.5385472e+03
   1.5393194e+03
   1.5401083e+03
   1.5409000e+03
   1.5417417e+03
   1.5425667e+03
   1.5433722e+03
   1.5442083e+03
   1.5450111e+03
   1.5457944e+03
   1.5465722e+03
   1.5473778e+03
   1.5482250e+03
   1.5490778e+03
   1.5498944e+03
   1.5506639e+03
   1.5514667e+03
   1.5522611e+03
   1.5530639e+03
   1.5538778e+03
   1.5547111e+03
   1.5555500e+03
   1.5563806e+03
   1.5571583e+03
   1.5579056e+03
   1.5587278e+03
   1.5595444e+03
   1.5603694e+03
   1.5611667e+03
   1.5619694e+03
   1.5627556e+03
   1.5633667e+03
   1.5642861e+03
   1.5650667e+03
   1.5659222e+03
   1.5667500e+03
   1.5675556e+03
   1.5683389e+03
   1.5691194e+03
   1.5699000e+03
   1.5707028e+03
   1.5715028e+03
   1.5723361e+03
   1.5729444e+03
   1.5739333e+03
   1.5747194e+03
   1.5755139e+03
   1.5760556e+03
   1.5770028e+03
   1.5778528e+03
   1.5786861e+03
   1.5795139e+03
   1.5803333e+03
   1.5811222e+03
   1.5818944e+03
   1.5826750e+03
   1.5834972e+03
   1.5843500e+03
   1.5851889e+03
   1.5859944e+03
   1.5867944e+03
   1.5876056e+03
   1.5884194e+03
   1.5892306e+03
   1.5900778e+03
   1.5909194e+03
   1.5917778e+03
   1.5925778e+03
   1.5933556e+03
   1.5941500e+03
   1.5949806e+03
   1.5956389e+03
   1.5966278e+03
   1.5974889e+03
   1.5982972e+03
   1.5991056e+03
   1.5998861e+03
   1.6006917e+03
   1.6015306e+03
   1.6023972e+03
   1.6032306e+03
   1.6040444e+03
   1.6048361e+03
   1.6056250e+03
   1.6064194e+03
   1.6072250e+03
   1.6080611e+03
   1.6089028e+03
   1.6095778e+03
   1.6105306e+03
   1.6113222e+03
   1.6121056e+03
   1.6129111e+03
   1.6137444e+03
   1.6145722e+03
   1.6153972e+03
   1.6162083e+03
   1.6169972e+03
   1.6177639e+03
   1.6185250e+03
   1.6192250e+03
   1.6201083e+03
   1.6209417e+03
   1.6217278e+03
   1.6224944e+03
   1.6232306e+03
   1.6239861e+03
   1.6247306e+03
   1.6254861e+03
   1.6262639e+03
   1.6270306e+03
   1.6278083e+03
   1.6285444e+03
   1.6292361e+03
   1.6299194e+03
   1.6306389e+03
   1.6313889e+03
   1.6321444e+03
   1.6328972e+03
   1.6336472e+03
   1.6343806e+03
   1.6351194e+03
   1.6358500e+03
   1.6366056e+03
   1.6373722e+03
   1.6381861e+03
   1.6390028e+03
   1.6397667e+03
   1.6405222e+03
   1.6412889e+03
   1.6420667e+03
   1.6428278e+03
   1.6436306e+03
   1.6444444e+03
   1.6452444e+03
   1.6460333e+03
   1.6468167e+03
   1.6474111e+03
   1.6482972e+03
   1.6491222e+03
   1.6499750e+03
   1.6507806e+03
   1.6515639e+03
   1.6523750e+03
   1.6531306e+03
   1.6538944e+03
   1.6546944e+03
   1.6555361e+03
   1.6563278e+03
   1.6571778e+03
   1.6580000e+03
   1.6587139e+03
   1.6594500e+03
   1.6601944e+03
   1.6609028e+03
   1.6616278e+03
   1.6623861e+03
   1.6630944e+03
   1.6638028e+03
   1.6645056e+03
   1.6651917e+03
   1.6658444e+03
   1.6665361e+03
   1.6672639e+03
   1.6680111e+03
   1.6687194e+03
   1.6694778e+03
   1.6702028e+03
   1.6709361e+03
   1.6716667e+03
   1.6724000e+03
   1.6731389e+03
   1.6739194e+03
   1.6747028e+03
   1.6754972e+03
   1.6762639e+03
   1.6770083e+03
   1.6777472e+03
   1.6785472e+03
   1.6793472e+03
   1.6801250e+03
   1.6809694e+03
   1.6818333e+03
   1.6826028e+03
   1.6833556e+03
   1.6841472e+03
   1.6849667e+03
   1.6857806e+03
   1.6866083e+03
   1.6874306e+03
   1.6882417e+03
   1.6890111e+03
   1.6897472e+03
   1.6904889e+03
   1.6912611e+03
   1.6920472e+03
   1.6928500e+03
   1.6936556e+03
   1.6944111e+03
   1.6951722e+03
   1.6959583e+03
   1.6967333e+03
   1.6975278e+03
   1.6983333e+03
   1.6991556e+03
   1.6999639e+03
   1.7007333e+03
   1.7015000e+03
   1.7022778e+03
   1.7030778e+03
   1.7038889e+03
   1.7047056e+03
   1.7055139e+03
   1.7062778e+03
   1.7070528e+03
   1.7078250e+03
   1.7085833e+03
   1.7093639e+03
   1.7102139e+03
   1.7110222e+03
   1.7118056e+03
   1.7125750e+03
   1.7133417e+03
   1.7141306e+03
   1.7149083e+03
   1.7157111e+03
   1.7165278e+03
   1.7173556e+03
   1.7181361e+03
   1.7189028e+03
   1.7196722e+03
   1.7204528e+03
   1.7212611e+03
   1.7220889e+03
   1.7229167e+03
   1.7237250e+03
   1.7245167e+03
   1.7252861e+03
   1.7260528e+03
   1.7268361e+03
   1.7276222e+03
   1.7284639e+03
   1.7292833e+03
   1.7300667e+03
   1.7308028e+03
   1.7315778e+03
   1.7323306e+03
   1.7331056e+03
   1.7338639e+03
   1.7346722e+03
   1.7354583e+03
   1.7362500e+03
   1.7369722e+03
   1.7377194e+03
   1.7384861e+03
   1.7392750e+03
   1.7400778e+03
   1.7408778e+03
   1.7416667e+03
   1.7424472e+03
   1.7432083e+03
   1.7439639e+03
   1.7447306e+03
   1.7455306e+03
   1.7463583e+03
   1.7471694e+03
   1.7477000e+03
   1.7486000e+03
   1.7493361e+03
   1.7500778e+03
   1.7508056e+03
   1.7515611e+03
   1.7523278e+03
   1.7530833e+03
   1.7538278e+03
   1.7545444e+03
   1.7552750e+03
   1.7559944e+03
   1.7567083e+03
   1.7574667e+03
   1.7582194e+03
   1.7589694e+03
   1.7597194e+03
   1.7604667e+03
   1.7611889e+03
   1.7619000e+03
   1.7626250e+03
   1.7634083e+03
   1.7641889e+03
   1.7649861e+03
   1.7657917e+03
   1.7665722e+03
   1.7673306e+03
   1.7681111e+03
   1.7689222e+03
   1.7697389e+03
   1.7705556e+03
   1.7714000e+03
   1.7722167e+03
   1.7730083e+03
   1.7737806e+03
   1.7745750e+03
   1.7753917e+03
   1.7762417e+03
   1.7770694e+03
   1.7778889e+03
   1.7786944e+03
   1.7794889e+03
   1.7802806e+03
   1.7810500e+03
   1.7818917e+03
   1.7827139e+03
   1.7835167e+03
   1.7842694e+03
   1.7850389e+03
   1.7858000e+03
   1.7865694e+03
   1.7873333e+03
   1.7881167e+03
   1.7889056e+03
   1.7896861e+03
   1.7904139e+03
   1.7911333e+03
   1.7918417e+03
   1.7925583e+03
   1.7932806e+03
   1.7940667e+03
   1.7948111e+03
   1.7955389e+03
   1.7962750e+03
   1.7969944e+03
   1.7976889e+03
   1.7983722e+03
   1.7990889e+03
   1.7998194e+03
   1.8005667e+03
   1.8013278e+03
   1.8020361e+03
   1.8027167e+03
   1.8041250e+03
   1.8048333e+03
   1.8055528e+03
