   2.2777778e-01
   1.1000000e+00
   1.9750000e+00
   2.8666667e+00
   3.8000000e+00
   4.7555556e+00
   5.6555556e+00
   6.5250000e+00
   7.3916667e+00
   8.2555556e+00
   9.1694444e+00
   1.0083333e+01
   1.1000000e+01
   1.1897222e+01
   1.2802778e+01
   1.3688889e+01
   1.4555556e+01
   1.5466667e+01
   1.6383333e+01
   1.7283333e+01
   1.8130556e+01
   1.8972222e+01
   1.9838889e+01
   2.0727778e+01
   2.1625000e+01
   2.2513889e+01
   2.3372222e+01
   2.4225000e+01
   2.5069444e+01
   2.5888889e+01
   2.6744444e+01
   2.7647222e+01
   2.8558333e+01
   2.9413889e+01
   3.0252778e+01
   3.1066667e+01
   3.1861111e+01
   3.2663889e+01
   3.3469444e+01
   3.4272222e+01
   3.5058333e+01
   3.5863889e+01
   3.6619444e+01
   3.7380556e+01
   3.8166667e+01
   3.8969444e+01
   3.9813889e+01
   4.0666667e+01
   4.1452778e+01
   4.2208333e+01
   4.2980556e+01
   4.3777778e+01
   4.4586111e+01
   4.5416667e+01
   4.6263889e+01
   4.7100000e+01
   4.7916667e+01
   4.8697222e+01
   4.9480556e+01
   5.0272222e+01
   5.1097222e+01
   5.1908333e+01
   5.2711111e+01
   5.3519444e+01
   5.4327778e+01
   5.5166667e+01
   5.6036111e+01
   5.6925000e+01
   5.7838889e+01
   5.8791667e+01
   5.9716667e+01
   6.0577778e+01
   6.1472222e+01
   6.2363889e+01
   6.3280556e+01
   6.4238889e+01
   6.5158333e+01
   6.6038889e+01
   6.6913889e+01
   6.7786111e+01
   6.8666667e+01
   6.9555556e+01
   7.0480556e+01
   7.1400000e+01
   7.2244444e+01
   7.3080556e+01
   7.3991667e+01
   7.4908333e+01
   7.5841667e+01
   7.6725000e+01
   7.7591667e+01
   7.8452778e+01
   7.9327778e+01
   8.0169444e+01
   8.0983333e+01
   8.1852778e+01
   8.2727778e+01
   8.3577778e+01
   8.4405556e+01
   8.5241667e+01
   8.6066667e+01
   8.6972222e+01
   8.7872222e+01
   8.8741667e+01
   8.9616667e+01
   9.0458333e+01
   9.1294444e+01
   9.2122222e+01
   9.2963889e+01
   9.3825000e+01
   9.4697222e+01
   9.5530556e+01
   9.6327778e+01
   9.7163889e+01
   9.8022222e+01
   9.8883333e+01
   9.9752778e+01
   1.0060000e+02
   1.0146944e+02
   1.0232222e+02
   1.0316667e+02
   1.0402500e+02
   1.0492222e+02
   1.0583056e+02
   1.0674722e+02
   1.0763333e+02
   1.0849444e+02
   1.0937500e+02
   1.1025278e+02
   1.1114722e+02
   1.1205000e+02
   1.1296389e+02
   1.1381944e+02
   1.1462222e+02
   1.1539444e+02
   1.1619167e+02
   1.1701389e+02
   1.1783333e+02
   1.1864722e+02
   1.1941667e+02
   1.2018611e+02
   1.2096111e+02
   1.2171111e+02
   1.2248611e+02
   1.2329722e+02
   1.2410000e+02
   1.2493611e+02
   1.2574722e+02
   1.2653611e+02
   1.2733056e+02
   1.2815833e+02
   1.2900000e+02
   1.2986111e+02
   1.3072222e+02
   1.3155278e+02
   1.3237500e+02
   1.3317778e+02
   1.3396389e+02
   1.3476667e+02
   1.3560833e+02
   1.3645556e+02
   1.3728056e+02
   1.3805000e+02
   1.3882500e+02
   1.3957778e+02
   1.4035278e+02
   1.4115278e+02
   1.4198333e+02
   1.4277500e+02
   1.4357500e+02
   1.4434722e+02
   1.4510556e+02
   1.4586389e+02
   1.4664722e+02
   1.4746389e+02
   1.4827778e+02
   1.4907222e+02
   1.4985000e+02
   1.5061111e+02
   1.5143333e+02
   1.5225833e+02
   1.5307500e+02
   1.5390278e+02
   1.5474722e+02
   1.5558333e+02
   1.5640556e+02
   1.5723889e+02
   1.5810278e+02
   1.5903333e+02
   1.5997500e+02
   1.6090833e+02
   1.6178889e+02
   1.6261389e+02
   1.6345833e+02
   1.6434722e+02
   1.6524722e+02
   1.6616944e+02
   1.6710000e+02
   1.6798889e+02
   1.6884167e+02
   1.6968889e+02
   1.7053889e+02
   1.7146111e+02
   1.7238056e+02
   1.7321944e+02
   1.7408611e+02
   1.7498056e+02
   1.7525833e+02
   1.7611389e+02
   1.7675000e+02
   1.7768333e+02
   1.7858611e+02
   1.7951944e+02
   1.8035833e+02
   1.8123333e+02
   1.8215278e+02
   1.8306944e+02
   1.8395556e+02
   1.8490000e+02
   1.8580278e+02
   1.8666111e+02
   1.8752500e+02
   1.8841944e+02
   1.8934167e+02
   1.9029167e+02
   1.9119444e+02
   1.9204444e+02
   1.9290278e+02
   1.9376944e+02
   1.9467222e+02
   1.9560278e+02
   1.9653056e+02
   1.9746389e+02
   1.9833333e+02
   1.9919167e+02
   2.0005556e+02
   2.0096944e+02
   2.0188611e+02
   2.0278333e+02
   2.0362778e+02
   2.0444444e+02
   2.0531111e+02
   2.0619167e+02
   2.0710000e+02
   2.0804444e+02
   2.0892500e+02
   2.0982222e+02
   2.1070278e+02
   2.1157500e+02
   2.1248056e+02
   2.1341667e+02
   2.1433611e+02
   2.1526944e+02
   2.1618611e+02
   2.1707500e+02
   2.1798333e+02
   2.1892778e+02
   2.1988611e+02
   2.2087500e+02
   2.2181111e+02
   2.2266667e+02
   2.2351111e+02
   2.2436667e+02
   2.2529722e+02
   2.2625556e+02
   2.2719167e+02
   2.2808889e+02
   2.2900556e+02
   2.2992222e+02
   2.3085278e+02
   2.3175833e+02
   2.3271111e+02
   2.3365833e+02
   2.3451944e+02
   2.3537222e+02
   2.3631111e+02
   2.3726944e+02
   2.3820000e+02
   2.3907778e+02
   2.3991944e+02
   2.4078611e+02
   2.4164444e+02
   2.4251389e+02
   2.4348333e+02
   2.4444444e+02
   2.4538333e+02
   2.4629722e+02
   2.4721667e+02
   2.4818056e+02
   2.4916111e+02
   2.5016667e+02
   2.5110556e+02
   2.5204444e+02
   2.5296667e+02
   2.5387778e+02
   2.5484167e+02
   2.5581667e+02
   2.5679722e+02
   2.5775278e+02
   2.5869444e+02
   2.5964167e+02
   2.6060278e+02
   2.6154722e+02
   2.6254444e+02
   2.6352222e+02
   2.6443889e+02
   2.6535278e+02
   2.6628611e+02
   2.6729444e+02
   2.6830278e+02
   2.6927778e+02
   2.7023333e+02
   2.7114444e+02
   2.7208056e+02
   2.7302778e+02
   2.7401944e+02
   2.7503056e+02
   2.7599444e+02
   2.7692222e+02
   2.7781944e+02
   2.7877778e+02
   2.7978333e+02
   2.8079167e+02
   2.8173889e+02
   2.8269722e+02
   2.8364444e+02
   2.8459722e+02
   2.8562222e+02
   2.8665833e+02
   2.8765278e+02
   2.8855833e+02
   2.8947222e+02
   2.9041111e+02
   2.9133889e+02
   2.9221667e+02
   2.9314167e+02
   2.9403056e+02
   2.9494722e+02
   2.9584444e+02
   2.9678333e+02
   2.9780000e+02
   2.9879722e+02
   2.9976944e+02
   3.0070000e+02
   3.0159444e+02
   3.0255000e+02
   3.0353889e+02
   3.0453889e+02
   3.0555000e+02
   3.0651667e+02
   3.0747222e+02
   3.0846111e+02
   3.0946944e+02
   3.1053056e+02
   3.1156944e+02
   3.1255833e+02
   3.1355278e+02
   3.1456667e+02
   3.1559722e+02
   3.1662222e+02
   3.1764722e+02
   3.1858611e+02
   3.1961111e+02
   3.1987222e+02
   3.2021944e+02
   3.2150000e+02
   3.2246944e+02
   3.2343056e+02
   3.2435556e+02
   3.2526667e+02
   3.2619722e+02
   3.2716111e+02
   3.2817500e+02
   3.2919722e+02
   3.3014444e+02
   3.3104444e+02
   3.3197500e+02
   3.3290278e+02
   3.3380556e+02
   3.3472778e+02
   3.3561944e+02
   3.3651944e+02
   3.3738333e+02
   3.3822222e+02
   3.3914167e+02
   3.4012500e+02
   3.4111667e+02
   3.4206667e+02
   3.4298611e+02
   3.4395278e+02
   3.4493889e+02
   3.4593056e+02
   3.4692500e+02
   3.4786667e+02
   3.4878333e+02
   3.4969167e+02
   3.5063056e+02
   3.5164167e+02
   3.5264444e+02
   3.5360556e+02
   3.5454444e+02
   3.5546389e+02
   3.5636111e+02
   3.5730833e+02
   3.5828889e+02
   3.5931111e+02
   3.6025833e+02
   3.6112778e+02
   3.6203333e+02
   3.6291111e+02
   3.6385556e+02
   3.6477500e+02
   3.6568333e+02
   3.6654444e+02
   3.6740556e+02
   3.6826389e+02
   3.6919444e+02
   3.7020000e+02
   3.7124444e+02
   3.7226944e+02
   3.7323333e+02
   3.7422222e+02
   3.7528889e+02
   3.7583056e+02
   3.7701111e+02
   3.7801944e+02
   3.7898333e+02
   3.7995833e+02
   3.8093611e+02
   3.8196389e+02
   3.8301667e+02
   3.8397778e+02
   3.8494722e+02
   3.8592778e+02
   3.8697222e+02
   3.8802500e+02
   3.8906111e+02
   3.9009167e+02
   3.9104167e+02
   3.9201667e+02
   3.9303889e+02
   3.9409167e+02
   3.9513889e+02
   3.9613611e+02
   3.9707500e+02
   3.9807222e+02
   3.9910833e+02
   4.0016389e+02
   4.0121944e+02
   4.0224444e+02
   4.0321111e+02
   4.0418611e+02
   4.0521389e+02
   4.0624722e+02
   4.0723056e+02
   4.0822222e+02
   4.0920556e+02
   4.1019444e+02
   4.1125000e+02
   4.1231667e+02
   4.1336111e+02
   4.1434722e+02
   4.1533333e+02
   4.1633611e+02
   4.1738611e+02
   4.1846667e+02
   4.1947778e+02
   4.2046111e+02
   4.2146667e+02
   4.2247778e+02
   4.2352500e+02
   4.2461111e+02
   4.2567500e+02
   4.2665833e+02
   4.2766667e+02
   4.2873056e+02
   4.2978333e+02
   4.3083333e+02
   4.3187778e+02
   4.3288056e+02
   4.3385000e+02
   4.3487500e+02
   4.3595556e+02
   4.3700833e+02
   4.3797778e+02
   4.3896389e+02
   4.3995556e+02
   4.4098333e+02
   4.4199167e+02
   4.4302222e+02
   4.4407222e+02
   4.4504167e+02
   4.4603611e+02
   4.4708333e+02
   4.4814722e+02
   4.4921111e+02
   4.5023889e+02
   4.5126389e+02
   4.5227222e+02
   4.5334167e+02
   4.5442778e+02
   4.5547500e+02
   4.5648056e+02
   4.5747500e+02
   4.5848056e+02
   4.5955556e+02
   4.6064444e+02
   4.6167222e+02
   4.6266111e+02
   4.6366389e+02
   4.6470000e+02
   4.6570556e+02
   4.6674722e+02
   4.6774444e+02
   4.6868611e+02
   4.6959167e+02
   4.7052778e+02
   4.7156667e+02
   4.7257778e+02
   4.7355556e+02
   4.7456389e+02
   4.7553056e+02
   4.7649167e+02
   4.7750278e+02
   4.7853056e+02
   4.7956667e+02
   4.8052778e+02
   4.8146667e+02
   4.8250000e+02
   4.8357222e+02
   4.8459444e+02
   4.8564444e+02
   4.8664444e+02
   4.8762222e+02
   4.8864722e+02
   4.8968056e+02
   4.9073056e+02
   4.9175278e+02
   4.9271389e+02
   4.9360000e+02
   4.9452500e+02
   4.9552222e+02
   4.9653056e+02
   4.9758056e+02
   4.9858333e+02
   4.9954167e+02
   5.0059167e+02
   5.0165833e+02
   5.0270556e+02
   5.0372778e+02
   5.0469444e+02
   5.0567222e+02
   5.0662778e+02
   5.0759167e+02
   5.0853611e+02
   5.0951389e+02
   5.1046389e+02
   5.1140000e+02
   5.1235278e+02
   5.1335000e+02
   5.1432222e+02
   5.1525833e+02
   5.1616944e+02
   5.1709167e+02
   5.1802500e+02
   5.1901389e+02
   5.2001389e+02
   5.2102500e+02
   5.2193056e+02
   5.2279722e+02
   5.2369167e+02
   5.2461111e+02
   5.2558611e+02
   5.2655833e+02
   5.2749722e+02
   5.2843056e+02
   5.2933889e+02
   5.3022500e+02
   5.3118056e+02
   5.3216389e+02
   5.3315278e+02
   5.3406111e+02
   5.3496111e+02
   5.3588333e+02
   5.3682222e+02
   5.3778889e+02
   5.3874444e+02
   5.3967778e+02
   5.4061389e+02
   5.4153611e+02
   5.4245833e+02
   5.4343333e+02
   5.4445278e+02
   5.4545556e+02
   5.4639444e+02
   5.4734722e+02
   5.4830833e+02
   5.4925833e+02
   5.5023056e+02
   5.5120000e+02
   5.5216389e+02
   5.5310000e+02
   5.5404722e+02
   5.5502778e+02
   5.5602222e+02
   5.5701111e+02
   5.5796944e+02
   5.5892222e+02
   5.5986111e+02
   5.6081667e+02
   5.6178333e+02
   5.6276944e+02
   5.6377500e+02
   5.6474444e+02
   5.6568611e+02
   5.6665556e+02
   5.6761944e+02
   5.6857778e+02
   5.6953333e+02
   5.7045556e+02
   5.7137778e+02
   5.7235278e+02
   5.7338333e+02
   5.7440278e+02
   5.7544167e+02
   5.7644444e+02
   5.7743889e+02
   5.7842778e+02
   5.7950833e+02
   5.8059444e+02
   5.8160000e+02
   5.8262500e+02
   5.8363333e+02
   5.8464444e+02
   5.8568611e+02
   5.8677222e+02
   5.8783333e+02
   5.8881944e+02
   5.8986389e+02
   5.9090278e+02
   5.9192778e+02
   5.9294722e+02
   5.9392500e+02
   5.9486667e+02
   5.9581944e+02
   5.9679722e+02
   5.9786944e+02
   5.9879444e+02
   5.9994444e+02
   6.0093333e+02
   6.0191111e+02
   6.0288056e+02
   6.0385556e+02
   6.0477500e+02
   6.0571944e+02
   6.0664167e+02
   6.0753056e+02
   6.0851667e+02
   6.0956111e+02
   6.1060833e+02
   6.1161944e+02
   6.1263333e+02
   6.1365278e+02
   6.1466667e+02
   6.1574167e+02
   6.1676944e+02
   6.1774444e+02
   6.1869167e+02
   6.1962222e+02
   6.2060278e+02
   6.2161389e+02
   6.2260000e+02
   6.2356944e+02
   6.2451389e+02
   6.2547500e+02
   6.2642778e+02
   6.2746944e+02
   6.2851389e+02
   6.2953889e+02
   6.3054444e+02
   6.3152500e+02
   6.3251111e+02
   6.3356944e+02
   6.3462778e+02
   6.3562500e+02
   6.3663889e+02
   6.3763611e+02
   6.3860833e+02
   6.3964444e+02
   6.4072222e+02
   6.4175556e+02
   6.4270278e+02
   6.4370556e+02
   6.4473333e+02
   6.4576389e+02
   6.4681111e+02
   6.4785278e+02
   6.4886667e+02
   6.4982778e+02
   6.5085556e+02
   6.5195833e+02
   6.5300833e+02
   6.5403056e+02
   6.5503056e+02
   6.5603611e+02
   6.5706111e+02
   6.5815278e+02
   6.5923611e+02
   6.6021944e+02
   6.6118333e+02
   6.6216944e+02
   6.6314722e+02
   6.6418889e+02
   6.6522500e+02
   6.6618889e+02
   6.6715278e+02
   6.6815278e+02
   6.6917778e+02
   6.7022222e+02
   6.7128611e+02
   6.7231667e+02
   6.7328889e+02
   6.7430556e+02
   6.7538333e+02
   6.7646389e+02
   6.7750556e+02
   6.7851944e+02
   6.7955000e+02
   6.8053889e+02
   6.8159444e+02
   6.8268889e+02
   6.8371667e+02
   6.8468611e+02
   6.8567500e+02
   6.8673056e+02
   6.8776944e+02
   6.8881944e+02
   6.8986111e+02
   6.9085000e+02
   6.9179167e+02
   6.9279167e+02
   6.9383889e+02
   6.9484444e+02
   6.9585000e+02
   6.9681111e+02
   6.9778333e+02
   6.9875000e+02
   6.9977222e+02
   7.0082778e+02
   7.0183333e+02
   7.0282500e+02
   7.0381389e+02
   7.0484167e+02
   7.0589444e+02
   7.0694444e+02
   7.0797778e+02
   7.0894167e+02
   7.0995833e+02
   7.1100278e+02
   7.1205833e+02
   7.1314444e+02
   7.1418889e+02
   7.1515833e+02
   7.1617222e+02
   7.1723889e+02
   7.1829167e+02
   7.1932500e+02
   7.2034444e+02
   7.2133889e+02
   7.2228333e+02
   7.2326389e+02
   7.2430833e+02
   7.2534722e+02
   7.2632500e+02
   7.2729444e+02
   7.2829167e+02
   7.2930000e+02
   7.3033611e+02
   7.3138056e+02
   7.3234722e+02
   7.3333611e+02
   7.3432222e+02
   7.3531667e+02
   7.3637778e+02
   7.3741667e+02
   7.3837778e+02
   7.3935000e+02
   7.4036667e+02
   7.4138333e+02
   7.4241111e+02
   7.4343611e+02
   7.4443611e+02
   7.4540556e+02
   7.4636944e+02
   7.4741667e+02
   7.4847500e+02
   7.4948056e+02
   7.5047222e+02
   7.5148333e+02
   7.5246111e+02
   7.5349444e+02
   7.5456111e+02
   7.5556944e+02
   7.5655556e+02
   7.5753889e+02
   7.5854444e+02
   7.5957500e+02
   7.6061111e+02
   7.6163611e+02
   7.6260278e+02
   7.6359444e+02
   7.6461111e+02
   7.6561111e+02
   7.6666944e+02
   7.6771389e+02
   7.6868056e+02
   7.6963333e+02
   7.7064722e+02
   7.7171389e+02
   7.7272222e+02
   7.7371667e+02
   7.7473611e+02
   7.7570556e+02
   7.7667500e+02
   7.7772778e+02
   7.7881111e+02
   7.7981667e+02
   7.8080278e+02
   7.8181389e+02
   7.8283611e+02
   7.8386389e+02
   7.8492778e+02
   7.8595556e+02
   7.8693056e+02
   7.8793611e+02
   7.8895000e+02
   7.9001667e+02
   7.9104722e+02
   7.9207222e+02
   7.9305556e+02
   7.9402500e+02
   7.9505833e+02
   7.9610278e+02
   7.9712500e+02
   7.9812500e+02
   7.9911111e+02
   8.0008611e+02
   8.0109167e+02
   8.0217778e+02
   8.0318889e+02
   8.0418333e+02
   8.0518889e+02
   8.0614722e+02
   8.0714722e+02
   8.0820278e+02
   8.0921667e+02
   8.1020000e+02
   8.1117778e+02
   8.1215000e+02
   8.1316111e+02
   8.1421111e+02
   8.1525556e+02
   8.1623056e+02
   8.1720556e+02
   8.1819722e+02
   8.1918889e+02
   8.2019444e+02
   8.2121389e+02
   8.2218889e+02
   8.2315000e+02
   8.2413056e+02
   8.2519167e+02
   8.2623333e+02
   8.2724167e+02
   8.2828333e+02
   8.2927222e+02
   8.3025278e+02
   8.3129444e+02
   8.3229167e+02
   8.3330278e+02
   8.3423333e+02
   8.3510556e+02
   8.3602500e+02
   8.3694444e+02
   8.3793333e+02
   8.3895556e+02
   8.3998056e+02
   8.4095556e+02
   8.4194444e+02
   8.4297778e+02
   8.4405833e+02
   8.4510556e+02
   8.4613889e+02
   8.4715556e+02
   8.4816111e+02
   8.4917778e+02
   8.5022222e+02
   8.5130556e+02
   8.5230833e+02
   8.5330000e+02
   8.5428889e+02
   8.5529722e+02
   8.5625278e+02
   8.5732500e+02
   8.5827500e+02
   8.5923611e+02
   8.6018889e+02
   8.6118611e+02
   8.6223889e+02
   8.6328889e+02
   8.6425556e+02
   8.6521111e+02
   8.6617500e+02
   8.6714167e+02
   8.6816111e+02
   8.6918056e+02
   8.7013056e+02
   8.7109167e+02
   8.7206111e+02
   8.7301667e+02
   8.7402500e+02
   8.7495833e+02
   8.7584444e+02
   8.7669722e+02
   8.7756111e+02
   8.7842778e+02
   8.7934444e+02
   8.8028333e+02
   8.8119722e+02
   8.8217778e+02
   8.8313333e+02
   8.8410556e+02
   8.8510000e+02
   8.8615833e+02
   8.8721944e+02
   8.8821944e+02
   8.8918611e+02
   8.9018611e+02
   8.9121389e+02
   8.9227500e+02
   8.9328889e+02
   8.9430000e+02
   8.9527778e+02
   8.9624444e+02
   8.9726111e+02
   8.9830833e+02
   8.9933333e+02
   9.0030833e+02
   9.0126111e+02
   9.0226111e+02
   9.0328333e+02
   9.0429722e+02
   9.0530833e+02
   9.0626667e+02
   9.0714167e+02
   9.0801111e+02
   9.0889167e+02
   9.0987222e+02
   9.1087778e+02
   9.1185278e+02
   9.1282500e+02
   9.1381111e+02
   9.1482778e+02
   9.1588889e+02
   9.1691389e+02
   9.1795556e+02
   9.1895833e+02
   9.1999167e+02
   9.2103611e+02
   9.2208611e+02
   9.2311111e+02
   9.2413056e+02
   9.2513889e+02
   9.2612222e+02
   9.2705833e+02
   9.2808056e+02
   9.2904444e+02
   9.2995556e+02
   9.3081667e+02
   9.3166111e+02
   9.3252500e+02
   9.3338333e+02
   9.3428889e+02
   9.3518889e+02
   9.3609167e+02
   9.3696667e+02
   9.3784167e+02
   9.3875000e+02
   9.3971944e+02
   9.4071944e+02
   9.4170556e+02
   9.4266667e+02
   9.4367778e+02
   9.4464167e+02
   9.4565000e+02
   9.4662222e+02
   9.4753889e+02
   9.4844722e+02
   9.4936944e+02
   9.5034167e+02
   9.5140278e+02
   9.5246389e+02
   9.5351944e+02
   9.5453889e+02
   9.5557222e+02
   9.5660278e+02
   9.5762778e+02
   9.5867500e+02
   9.5968333e+02
   9.6062778e+02
   9.6153611e+02
   9.6248889e+02
   9.6349722e+02
   9.6445833e+02
   9.6535000e+02
   9.6626667e+02
   9.6719167e+02
   9.6811111e+02
   9.6907778e+02
   9.7007500e+02
   9.7108889e+02
   9.7202778e+02
   9.7288333e+02
   9.7371944e+02
   9.7455833e+02
   9.7541111e+02
   9.7626389e+02
   9.7716111e+02
   9.7805556e+02
   9.7900000e+02
   9.7995833e+02
   9.8097222e+02
   9.8203611e+02
   9.8305000e+02
   9.8402778e+02
   9.8494167e+02
   9.8585556e+02
   9.8675278e+02
   9.8770278e+02
   9.8869444e+02
   9.8970000e+02
   9.9068333e+02
   9.9164722e+02
   9.9266667e+02
   9.9373333e+02
   9.9480000e+02
   9.9582500e+02
   9.9683611e+02
   9.9783056e+02
   9.9882778e+02
   9.9988333e+02
   1.0009250e+03
   1.0019417e+03
   1.0028639e+03
   1.0037778e+03
   1.0047667e+03
   1.0057139e+03
   1.0066861e+03
   1.0076194e+03
   1.0084667e+03
   1.0092944e+03
   1.0101167e+03
   1.0109361e+03
   1.0118500e+03
   1.0128278e+03
   1.0137583e+03
   1.0146361e+03
   1.0155056e+03
   1.0164222e+03
   1.0174306e+03
   1.0184778e+03
   1.0195417e+03
   1.0205889e+03
   1.0216139e+03
   1.0226556e+03
   1.0237444e+03
   1.0248417e+03
   1.0258778e+03
   1.0268194e+03
   1.0278111e+03
   1.0288028e+03
   1.0297972e+03
   1.0308111e+03
   1.0318028e+03
   1.0327833e+03
   1.0337417e+03
   1.0347222e+03
   1.0357694e+03
   1.0367722e+03
   1.0377583e+03
   1.0387278e+03
   1.0397194e+03
   1.0407222e+03
   1.0417528e+03
   1.0428111e+03
   1.0438139e+03
   1.0447806e+03
   1.0457583e+03
   1.0467667e+03
   1.0477889e+03
   1.0487944e+03
   1.0497917e+03
   1.0507889e+03
   1.0517333e+03
   1.0527000e+03
   1.0537333e+03
   1.0547750e+03
   1.0557583e+03
   1.0567056e+03
   1.0576528e+03
   1.0586611e+03
   1.0596222e+03
   1.0605417e+03
   1.0615000e+03
   1.0624083e+03
   1.0633222e+03
   1.0642222e+03
   1.0651861e+03
   1.0662306e+03
   1.0672111e+03
   1.0681833e+03
   1.0691500e+03
   1.0701194e+03
   1.0711250e+03
   1.0721639e+03
   1.0732111e+03
   1.0742083e+03
   1.0751861e+03
   1.0761667e+03
   1.0771306e+03
   1.0781500e+03
   1.0790944e+03
   1.0799861e+03
   1.0808500e+03
   1.0817528e+03
   1.0826889e+03
   1.0836556e+03
   1.0846250e+03
   1.0856167e+03
   1.0865944e+03
   1.0875639e+03
   1.0885389e+03
   1.0895917e+03
   1.0906306e+03
   1.0916083e+03
   1.0925556e+03
   1.0935361e+03
   1.0945222e+03
   1.0955278e+03
   1.0965889e+03
   1.0975778e+03
   1.0984944e+03
   1.0994472e+03
   1.1004167e+03
   1.1014583e+03
   1.1024889e+03
   1.1035194e+03
   1.1045028e+03
   1.1054556e+03
   1.1064278e+03
   1.1074472e+03
   1.1084583e+03
   1.1094722e+03
   1.1104556e+03
   1.1114194e+03
   1.1123611e+03
   1.1133333e+03
   1.1142972e+03
   1.1152472e+03
   1.1161861e+03
   1.1171556e+03
   1.1181472e+03
   1.1191556e+03
   1.1202250e+03
   1.1212778e+03
   1.1223028e+03
   1.1232778e+03
   1.1243028e+03
   1.1253556e+03
   1.1263889e+03
   1.1274556e+03
   1.1284694e+03
   1.1294556e+03
   1.1304361e+03
   1.1314972e+03
   1.1325750e+03
   1.1335778e+03
   1.1345833e+03
   1.1355722e+03
   1.1365389e+03
   1.1375778e+03
   1.1386361e+03
   1.1396611e+03
   1.1406361e+03
   1.1416111e+03
   1.1425861e+03
   1.1436278e+03
   1.1446639e+03
   1.1456639e+03
   1.1466444e+03
   1.1476361e+03
   1.1486056e+03
   1.1496167e+03
   1.1507028e+03
   1.1517056e+03
   1.1526667e+03
   1.1536583e+03
   1.1546333e+03
   1.1556694e+03
   1.1566917e+03
   1.1576917e+03
   1.1586750e+03
   1.1596333e+03
   1.1605972e+03
   1.1616194e+03
   1.1626722e+03
   1.1636528e+03
   1.1646222e+03
   1.1656111e+03
   1.1665806e+03
   1.1676139e+03
   1.1686083e+03
   1.1696250e+03
   1.1706083e+03
   1.1715556e+03
   1.1725333e+03
   1.1735583e+03
   1.1746056e+03
   1.1755972e+03
   1.1765361e+03
   1.1774722e+03
   1.1784111e+03
   1.1793306e+03
   1.1802556e+03
   1.1812194e+03
   1.1821722e+03
   1.1831083e+03
   1.1840694e+03
   1.1850556e+03
   1.1861194e+03
   1.1871611e+03
   1.1881472e+03
   1.1891444e+03
   1.1901000e+03
   1.1910972e+03
   1.1921444e+03
   1.1932056e+03
   1.1941861e+03
   1.1951583e+03
   1.1961750e+03
   1.1971722e+03
   1.1982028e+03
   1.1992306e+03
   1.2001889e+03
   1.2011528e+03
   1.2021000e+03
   1.2030278e+03
   1.2040361e+03
   1.2050389e+03
   1.2060056e+03
   1.2069361e+03
   1.2079167e+03
   1.2089333e+03
   1.2099556e+03
   1.2109889e+03
   1.2120278e+03
   1.2129861e+03
   1.2139389e+03
   1.2149528e+03
   1.2160194e+03
   1.2170361e+03
   1.2180028e+03
   1.2189667e+03
   1.2199278e+03
   1.2209000e+03
   1.2218778e+03
   1.2228667e+03
   1.2238389e+03
   1.2247889e+03
   1.2257028e+03
   1.2266750e+03
   1.2276472e+03
   1.2286389e+03
   1.2295806e+03
   1.2304639e+03
   1.2313556e+03
   1.2322389e+03
   1.2331611e+03
   1.2341611e+03
   1.2351278e+03
   1.2360389e+03
   1.2369583e+03
   1.2378917e+03
   1.2388750e+03
   1.2398556e+03
   1.2408667e+03
   1.2418694e+03
   1.2428278e+03
   1.2437667e+03
   1.2447528e+03
   1.2457250e+03
   1.2467389e+03
   1.2477222e+03
   1.2486500e+03
   1.2496167e+03
   1.2505861e+03
   1.2515389e+03
   1.2525222e+03
   1.2534806e+03
   1.2544361e+03
   1.2553861e+03
   1.2563389e+03
   1.2573389e+03
   1.2583306e+03
   1.2593111e+03
   1.2602611e+03
   1.2611889e+03
   1.2621583e+03
   1.2631056e+03
   1.2641222e+03
   1.2651417e+03
   1.2661139e+03
   1.2670333e+03
   1.2679694e+03
   1.2689306e+03
   1.2699278e+03
   1.2708833e+03
   1.2718333e+03
   1.2728056e+03
   1.2737361e+03
   1.2746833e+03
   1.2756944e+03
   1.2766694e+03
   1.2776639e+03
   1.2786250e+03
   1.2795194e+03
   1.2804944e+03
   1.2814694e+03
   1.2824250e+03
   1.2833833e+03
   1.2843194e+03
   1.2852500e+03
   1.2861750e+03
   1.2871611e+03
   1.2882167e+03
   1.2892056e+03
   1.2901806e+03
   1.2911111e+03
   1.2920722e+03
   1.2930583e+03
   1.2940667e+03
   1.2950500e+03
   1.2959889e+03
   1.2968861e+03
   1.2977944e+03
   1.2987583e+03
   1.2997306e+03
   1.3007333e+03
   1.3016917e+03
   1.3025861e+03
   1.3035278e+03
   1.3044806e+03
   1.3054500e+03
   1.3064639e+03
   1.3074444e+03
   1.3084194e+03
   1.3093639e+03
   1.3103111e+03
   1.3113222e+03
   1.3123250e+03
   1.3133250e+03
   1.3143000e+03
   1.3152833e+03
   1.3162639e+03
   1.3172083e+03
   1.3182111e+03
   1.3192139e+03
   1.3201694e+03
   1.3210806e+03
   1.3220250e+03
   1.3230333e+03
   1.3240306e+03
   1.3250556e+03
   1.3260250e+03
   1.3269778e+03
   1.3278889e+03
   1.3288472e+03
   1.3298528e+03
   1.3308750e+03
   1.3318389e+03
   1.3327944e+03
   1.3337778e+03
   1.3347722e+03
   1.3357583e+03
   1.3368028e+03
   1.3378111e+03
   1.3387417e+03
   1.3396806e+03
   1.3406278e+03
   1.3416556e+03
   1.3426139e+03
   1.3435806e+03
   1.3445278e+03
   1.3454472e+03
   1.3463972e+03
   1.3473500e+03
   1.3483472e+03
   1.3493611e+03
   1.3503444e+03
   1.3513167e+03
   1.3523194e+03
   1.3533667e+03
   1.3544333e+03
   1.3554250e+03
   1.3563972e+03
   1.3573722e+03
   1.3583444e+03
   1.3593333e+03
   1.3603278e+03
   1.3613417e+03
   1.3623111e+03
   1.3632250e+03
   1.3641694e+03
   1.3651583e+03
   1.3661500e+03
   1.3671222e+03
   1.3680417e+03
   1.3689417e+03
   1.3698500e+03
   1.3707750e+03
   1.3717194e+03
   1.3727028e+03
   1.3736389e+03
   1.3745500e+03
   1.3754639e+03
   1.3763972e+03
   1.3773667e+03
   1.3783694e+03
   1.3793722e+03
   1.3803417e+03
   1.3812306e+03
   1.3821333e+03
   1.3830611e+03
   1.3840000e+03
   1.3849278e+03
   1.3858028e+03
   1.3866361e+03
   1.3875222e+03
   1.3883861e+03
   1.3892667e+03
   1.3901722e+03
   1.3910806e+03
   1.3919889e+03
   1.3928806e+03
   1.3937806e+03
   1.3946667e+03
   1.3956278e+03
   1.3965833e+03
   1.3975139e+03
   1.3983889e+03
   1.3992306e+03
   1.4001194e+03
   1.4010444e+03
   1.4020028e+03
   1.4030222e+03
   1.4039917e+03
   1.4049083e+03
   1.4057944e+03
   1.4067167e+03
   1.4076861e+03
   1.4086389e+03
   1.4095667e+03
   1.4105306e+03
   1.4114806e+03
   1.4124472e+03
   1.4134694e+03
   1.4145278e+03
   1.4155750e+03
   1.4165306e+03
   1.4175000e+03
   1.4185083e+03
   1.4195417e+03
   1.4205861e+03
   1.4215833e+03
   1.4225611e+03
   1.4235194e+03
   1.4245028e+03
   1.4255250e+03
   1.4265417e+03
   1.4275250e+03
   1.4285139e+03
   1.4294778e+03
   1.4304583e+03
   1.4314778e+03
   1.4325083e+03
   1.4335639e+03
   1.4345528e+03
   1.4355250e+03
   1.4364833e+03
   1.4375083e+03
   1.4385472e+03
   1.4395389e+03
   1.4404972e+03
   1.4414750e+03
   1.4424472e+03
   1.4434500e+03
   1.4444750e+03
   1.4455111e+03
   1.4464861e+03
   1.4474389e+03
   1.4484389e+03
   1.4494778e+03
   1.4504778e+03
   1.4514944e+03
   1.4524250e+03
   1.4533861e+03
   1.4543389e+03
   1.4553139e+03
   1.4562806e+03
   1.4572694e+03
   1.4582361e+03
   1.4592028e+03
   1.4601472e+03
   1.4611667e+03
   1.4622194e+03
   1.4632444e+03
   1.4642444e+03
   1.4652306e+03
   1.4661806e+03
   1.4671056e+03
   1.4680694e+03
   1.4690917e+03
   1.4700639e+03
   1.4710472e+03
   1.4720611e+03
   1.4730833e+03
   1.4741333e+03
   1.4751806e+03
   1.4761917e+03
   1.4771556e+03
   1.4778139e+03
   1.4790889e+03
   1.4801778e+03
   1.4812083e+03
   1.4822139e+03
   1.4832028e+03
   1.4842056e+03
   1.4852361e+03
   1.4862667e+03
   1.4872750e+03
   1.4882472e+03
   1.4892111e+03
   1.4902250e+03
   1.4913083e+03
   1.4924167e+03
   1.4934889e+03
   1.4945528e+03
   1.4955556e+03
   1.4965194e+03
   1.4975639e+03
   1.4986222e+03
   1.4996528e+03
   1.5006000e+03
   1.5015778e+03
   1.5026000e+03
   1.5036222e+03
   1.5046250e+03
   1.5056417e+03
   1.5066556e+03
   1.5076111e+03
   1.5085694e+03
   1.5096278e+03
   1.5106833e+03
   1.5116778e+03
   1.5126528e+03
   1.5136500e+03
   1.5146778e+03
   1.5157083e+03
   1.5167639e+03
   1.5178111e+03
   1.5187667e+03
   1.5197083e+03
   1.5207056e+03
   1.5217667e+03
   1.5228056e+03
   1.5238167e+03
   1.5248389e+03
   1.5258417e+03
   1.5268389e+03
   1.5279111e+03
   1.5289750e+03
   1.5299917e+03
   1.5309500e+03
   1.5319000e+03
   1.5328944e+03
   1.5338972e+03
   1.5349167e+03
   1.5359194e+03
   1.5368639e+03
   1.5378444e+03
   1.5388500e+03
   1.5398722e+03
   1.5409000e+03
   1.5419194e+03
   1.5428806e+03
   1.5438139e+03
   1.5448250e+03
   1.5458611e+03
   1.5468667e+03
   1.5478639e+03
   1.5488639e+03
   1.5498417e+03
   1.5508250e+03
   1.5518722e+03
   1.5529278e+03
   1.5539028e+03
   1.5548556e+03
   1.5558667e+03
   1.5568611e+03
   1.5578750e+03
   1.5589139e+03
   1.5598917e+03
   1.5607861e+03
   1.5616361e+03
   1.5625444e+03
   1.5635639e+03
   1.5645972e+03
   1.5655861e+03
   1.5665750e+03
   1.5675833e+03
   1.5685722e+03
   1.5695861e+03
   1.5706556e+03
   1.5717167e+03
   1.5726889e+03
   1.5736833e+03
   1.5747111e+03
   1.5757611e+03
   1.5767917e+03
   1.5778194e+03
   1.5788444e+03
   1.5798083e+03
   1.5807889e+03
   1.5818444e+03
   1.5828972e+03
   1.5838861e+03
   1.5848583e+03
   1.5858583e+03
   1.5868667e+03
   1.5878611e+03
   1.5888972e+03
   1.5899111e+03
   1.5908861e+03
   1.5918306e+03
   1.5928167e+03
   1.5938917e+03
   1.5949222e+03
   1.5959111e+03
   1.5968861e+03
   1.5978250e+03
   1.5987694e+03
   1.5997500e+03
   1.6007667e+03
   1.6017806e+03
   1.6027306e+03
   1.6036972e+03
   1.6047083e+03
   1.6057694e+03
   1.6068361e+03
   1.6078639e+03
   1.6088667e+03
   1.6098583e+03
   1.6108194e+03
   1.6118500e+03
   1.6129083e+03
   1.6139500e+03
   1.6149444e+03
   1.6159333e+03
   1.6169694e+03
   1.6180167e+03
   1.6190556e+03
   1.6200833e+03
   1.6210722e+03
   1.6220806e+03
   1.6230750e+03
   1.6241139e+03
   1.6251667e+03
   1.6261556e+03
   1.6271083e+03
   1.6280750e+03
   1.6291083e+03
   1.6301444e+03
   1.6311639e+03
   1.6321917e+03
   1.6331222e+03
   1.6340806e+03
   1.6350778e+03
   1.6361278e+03
   1.6371389e+03
   1.6381278e+03
   1.6391083e+03
   1.6400972e+03
   1.6410778e+03
   1.6421056e+03
   1.6431389e+03
   1.6440806e+03
   1.6450000e+03
   1.6459222e+03
   1.6468361e+03
   1.6477889e+03
   1.6487278e+03
   1.6496556e+03
   1.6505944e+03
   1.6515278e+03
   1.6525111e+03
   1.6535056e+03
   1.6545444e+03
   1.6555917e+03
   1.6565722e+03
   1.6575444e+03
   1.6585500e+03
   1.6596250e+03
   1.6606583e+03
   1.6616806e+03
   1.6626972e+03
   1.6636389e+03
   1.6646028e+03
   1.6656222e+03
   1.6666361e+03
   1.6676306e+03
   1.6685889e+03
   1.6695583e+03
   1.6705417e+03
   1.6715583e+03
   1.6725694e+03
   1.6735611e+03
   1.6745444e+03
   1.6754750e+03
   1.6764028e+03
   1.6773972e+03
   1.6784083e+03
   1.6793639e+03
   1.6802944e+03
   1.6812444e+03
   1.6821667e+03
   1.6831528e+03
   1.6841667e+03
   1.6852028e+03
   1.6861583e+03
   1.6870861e+03
   1.6880139e+03
   1.6889278e+03
   1.6898806e+03
   1.6908611e+03
   1.6918250e+03
   1.6927667e+03
   1.6937472e+03
   1.6947556e+03
   1.6958278e+03
   1.6968889e+03
   1.6979472e+03
   1.6989306e+03
   1.6999028e+03
   1.7009417e+03
   1.7019639e+03
   1.7029639e+03
   1.7039500e+03
   1.7049278e+03
   1.7059056e+03
   1.7069139e+03
   1.7079194e+03
   1.7089694e+03
   1.7099667e+03
   1.7109250e+03
   1.7119083e+03
   1.7129278e+03
   1.7139833e+03
   1.7149778e+03
   1.7160083e+03
   1.7169972e+03
   1.7179639e+03
   1.7189528e+03
   1.7199944e+03
   1.7210611e+03
   1.7220472e+03
   1.7230028e+03
   1.7240167e+03
   1.7250278e+03
   1.7260500e+03
   1.7270806e+03
   1.7281139e+03
   1.7290528e+03
   1.7299917e+03
   1.7310000e+03
   1.7320222e+03
   1.7329750e+03
   1.7339250e+03
   1.7348639e+03
   1.7358056e+03
   1.7367417e+03
   1.7377500e+03
   1.7388056e+03
   1.7398083e+03
   1.7407583e+03
   1.7417250e+03
   1.7427000e+03
   1.7436806e+03
   1.7446667e+03
   1.7456472e+03
   1.7466194e+03
   1.7475833e+03
   1.7485667e+03
   1.7496167e+03
   1.7506750e+03
   1.7517333e+03
   1.7527250e+03
   1.7537222e+03
   1.7547056e+03
   1.7557306e+03
   1.7567889e+03
   1.7578083e+03
   1.7588083e+03
   1.7597917e+03
   1.7608028e+03
   1.7618833e+03
   1.7629083e+03
   1.7639111e+03
   1.7649028e+03
   1.7659083e+03
   1.7669417e+03
   1.7680056e+03
   1.7690417e+03
   1.7700417e+03
   1.7709833e+03
   1.7719333e+03
   1.7728861e+03
   1.7738556e+03
   1.7747722e+03
   1.7757028e+03
   1.7766500e+03
   1.7776250e+03
   1.7785750e+03
   1.7795806e+03
   1.7806222e+03
   1.7816528e+03
   1.7826000e+03
   1.7835306e+03
   1.7845444e+03
   1.7855861e+03
   1.7866000e+03
   1.7876139e+03
   1.7886083e+03
   1.7896278e+03
   1.7906333e+03
   1.7917000e+03
   1.7927639e+03
   1.7937444e+03
   1.7947167e+03
   1.7956944e+03
   1.7967222e+03
   1.7977611e+03
   1.7988000e+03
   1.7998167e+03
   1.8008083e+03
   1.8017944e+03
   1.8027861e+03
   1.8048389e+03
   1.8055528e+03
